=== окрестность date_id 8990 (аномалия в diff) ===
 date_id  forward_returns  risk_free_rate  market_forward_excess_returns      diff
    8984        -0.002896        0.000159                      -0.003365  0.000469
    8985         0.002457        0.000155                       0.001990  0.000466
    8986         0.002312        0.000156                       0.001845  0.000467
    8987         0.002891        0.000156                       0.002424  0.000467
    8988         0.008310        0.000156                       0.007843  0.000467
    8989         0.000099        0.000156                      -0.000368  0.000467
    8990         0.000099        0.000156                       0.004856 -0.004757
    8991        -0.001377        0.000155                      -0.001844  0.000467
    8992        -0.001242        0.000154                      -0.001708  0.000466
    8993         0.004672        0.000153                       0.004206  0.000466
    8994         0.002174        0.000154                       0.001708  0.000466
    8995         0.004731        0.000154                       0.004265  0.000466
    8996        -0.005444        0.000153                      -0.005909  0.000465

скачки diff > 5*std(изменений):
 date_id      diff
    1978  0.000165
    2190  0.000159
    3157  0.000917
    3158  0.000375
    3195  0.000925
    3196  0.000372
    4715  0.000339
    4716  0.000877
    4717  0.000309
    4724  0.000881
    4725  0.000137
    4729  0.000883
    4731  0.000338
    4732  0.000885
    4733  0.000328
    4736  0.000897
    4737  0.000121
    4741  0.000900
    4742  0.000347
    4743  0.000901
    4744  0.000341
    4751  0.000908
    4753  0.000320
    4756  0.000910
    4757  0.000107
    4758  0.000912
    4759  0.000313
    4761  0.000914
    4763  0.000103
    4768  0.000921
    4769  0.000309
    4801  0.000925
    4802  0.000092
    4816  0.000927
    4817  0.000320
    4820  0.000927
    4821  0.000319
    4829  0.000928
    4830  0.000317
    4832  0.000929
    4833  0.000315
    4863  0.000934
    4864  0.000312
    5442  0.000915
    5443  0.000308
    5444  0.000916
    5445  0.000083
    5446  0.000917
    5447  0.000082
    5452  0.000918
    5453  0.000307
    6461  0.000875
    6462  0.000308
    7604  0.000119
    7605  0.000837
    7607  0.000115
    7608  0.000844
    7609  0.000112
    7610  0.000845
    7611  0.000307
    7612  0.000845
    7613  0.000306
    7620  0.000849
    7621  0.000309
    7669  0.000851
    7670  0.000314
    8883  0.000828
    8990 -0.004757
    8991  0.000467

=== test.csv целиком (кроме фич) ===
 date_id  is_scored  lagged_forward_returns  lagged_risk_free_rate  lagged_market_forward_excess_returns
    8980       True                0.003541               0.000161                              0.003068
    8981       True               -0.005964               0.000162                             -0.006437
    8982       True               -0.007410               0.000160                             -0.007882
    8983       True                0.005420               0.000160                              0.004949
    8984       True                0.008357               0.000159                              0.007887
    8985       True               -0.002896               0.000159                             -0.003365
    8986       True                0.002457               0.000155                              0.001990
    8987       True                0.002312               0.000156                              0.001845
    8988       True                0.002891               0.000156                              0.002424
    8989      False                0.008310               0.000156                              0.007843

сверка лага: train.forward_returns[8979..8988] =
 date_id  forward_returns  market_forward_excess_returns
    8979         0.003541                       0.003068
    8980        -0.005964                      -0.006437
    8981        -0.007410                      -0.007882
    8982         0.005420                       0.004949
    8983         0.008357                       0.007887
    8984        -0.002896                      -0.003365
    8985         0.002457                       0.001990
    8986         0.002312                       0.001845
    8987         0.002891                       0.002424
    8988         0.008310                       0.007843

совпадает ли test.lagged_forward_returns[t] с train.forward_returns[t-1]: True
совпадают ли фичи test с фичами train на тех же date_id: True

=== хвост train: последние 12 строк, поведение diff ===
 date_id  forward_returns  market_forward_excess_returns     diff
    9036        -0.008398                      -0.008859 0.000461
    9037         0.003863                       0.003402 0.000461
    9038        -0.015242                      -0.015704 0.000462
    9039         0.009961                       0.009500 0.000461
    9040         0.014719                       0.014259 0.000460
    9041         0.009406                       0.008946 0.000460
    9042         0.006903                       0.006446 0.000458
    9043         0.005458                       0.004998 0.000461
    9044        -0.004565                      -0.005024 0.000459
    9045         0.001852                       0.001395 0.000458
    9046         0.003463                       0.003006 0.000457
    9047         0.000117                      -0.000339 0.000456
